# room.rng.log | raw 32-bit draws | 624 entries | dumped by the room script
1768413672
3168271198
2670327695
2012949514
2864993104
1480478442
2454888239
3201093576
3570045399
6536034
3187591118
1503083155
3205291850
3175170884
2712283803
1236301338
3514694476
3654258729
2277863916
2932812092
820578759
2342471078
2799580279
1222645535
263972873
1565388003
3101104757
3370157030
700105487
1456713366
971201272
453617628
3376852982
3305923653
409584354
2154177849
1489397989
3665558637
3614470181
1122484124
2029083556
3826484374
1910554493
159224406
1990454057
3734904306
3366611286
3116730943
386571188
866001823
2178055054
3769545589
1388890259
1045115227
2342348207
1713967242
3889132219
799492796
3753520436
4010591290
2623913735
537745971
1240992096
257342781
1626943924
4242562492
3773600896
2922290960
541497299
2057166208
3138525941
2008619956
3732657777
3450754700
2337508207
432998885
422626031
2082818625
1452180652
3919914656
1941415228
4030670756
3687259803
1227879227
1502679083
280364448
1116593007
2079490764
2274368368
3510119094
536029337
3077423690
135942573
3987613882
48886031
4186206853
1647992513
273396113
2912885110
2674784055
3355338060
2294042022
56444699
3019841548
3971575463
1196066694
3383701113
4202698795
2025933219
1190763736
1568183123
4054427107
2636911313
2742499843
2299668061
3482577605
3312030920
1134682490
3038761947
4145677560
668963734
2296476930
1586788734
624042937
2731213619
149119043
1551263678
4268585691
3749610097
1047657684
1086661379
1850484238
1781829946
3182926356
2815652311
3417660102
4052952306
2744307708
3998290652
1346484151
1382679092
3676502612
2688959282
2014657938
2027439857
3308686679
1138443202
2396444546
1691308590
539699835
572983493
512826267
1998362964
4139817105
2387983927
3922617021
1447385251
494467524
2330957557
2843866816
2381797210
1519736121
105565261
3159597053
269946718
3770716448
432984801
2959986312
1856345413
1850647771
447501603
2238743241
1976812972
2284565358
3655520967
2592954106
3677219807
554499141
3576734757
3636361648
2657821222
841259957
2651590005
3058738557
1995673765
1383084844
290438323
2474315815
601773634
2671880640
3500239370
3352610020
322173948
2354668231
1229948004
3632406480
2411762831
1717132953
310178717
1599031868
3501954955
4235977426
856363398
348356309
2357448026
139217618
3607294539
801274044
2495265054
3965248084
2285574921
2228141425
3551568743
1576139287
1524368086
2414069640
1161791854
4022735012
796696693
1019379338
258743798
3773165081
1310517547
1751196627
2615683341
97997781
152997934
1183789805
2141109370
1360863608
2065508964
3863398781
355132555
3050668595
3814545955
2370039276
880755019
1758102596
2376856692
2091552131
749818623
349336674
2027315742
2775881723
1698258544
178964291
2315012031
4166294267
3674905899
555348982
284566402
3690447526
1176856453
2865917121
4003909023
722422938
748037973
1994698781
519724179
2594087518
3976517643
2735165144
4150789324
2978403381
2124772898
1861217475
3054727610
335715748
1361503274
872649788
3441624445
3353300217
3668676450
1846921102
1807748078
3596931886
3940842445
2712147176
1877952548
1789915521
2340717617
811802901
3575210094
2074064593
3401303125
1686126303
226186189
1755323884
4173404331
3229043773
2233964169
3507218474
1628257506
2301595172
3409109045
1543163905
636468117
3409000389
836795875
668484254
3897581845
3498470958
3724113187
1525637794
4151014735
351324896
572074706
2469855120
157484907
1662118040
3930386117
1139539598
3768972293
3572720225
2494783397
2598029570
2236747146
3542148564
2584926900
1405696395
2048883331
1242132794
2059896035
2367522143
994741161
1366361652
930048857
3767370173
1365410390
4118443918
1999275715
232530233
1867391619
1641011783
1095138994
589521105
79324819
805154926
1895733829
1196757028
1600571007
2598867814
3678013959
2270393189
1013704104
1486115905
1919566883
1765375916
1564296059
1284582538
806209357
3248845530
684438851
3962812839
2108369539
1089162769
385367048
863478088
3278044622
3030230327
4128469763
224716069
986723246
2313107418
1661512227
130265912
3314602310
1694916781
1482251091
1597431097
2002819357
3634876871
541817974
2091166448
3903616563
2910394802
4127696897
3771670876
1878669058
1929933888
1930758809
1022157350
4103556920
3220926922
2741287391
1859170591
1807527907
3078562051
972764708
2592628936
4013334673
2159343254
3482801067
3741736605
1450723169
1753495293
2857033344
3669607525
3976790431
2852243143
3293077108
763286748
925849567
3562350927
3788092893
1766408628
3003414190
4164569923
2930864620
3050842146
1468327499
1193297060
295135409
2544077029
1063642254
3144421266
2407583309
1320794449
63947283
942597498
4172430161
3945738031
1859165383
837489911
4157518077
4081320915
3670470558
4171556753
1305583777
853610724
1689706507
2654922408
494555531
1483644496
3555877744
2400801612
3315374123
3756322580
1452953641
2073108318
809603236
755395680
3633328492
158159935
2190935486
914371416
203242605
1334973394
4035338429
177076287
1057608414
4131899558
38851502
1975526995
871882234
2189371194
3765414161
309846251
4011647214
3272684921
123681905
331888046
2609126159
4108847107
2651714760
122294903
4108186372
1610997236
3459524772
749483563
1008654126
3094691942
3777152403
920738774
3018178823
2230786874
2139845728
1223751804
1971500826
3429198793
2418406310
2855272449
1772989563
1252587087
2494750360
4149362100
2452866078
3849285554
422486267
1258970899
171693362
2162558482
106887871
4006687205
2492965954
2713730688
189538688
2450731336
4067009938
2429829689
1260505620
461787219
3573587691
3334089907
4016509917
1259729582
3090669061
818018250
3593224148
794414340
3626004531
466912877
1232278537
1998426759
720909495
1798998521
19987951
1564998848
1289994377
2579425036
2726699441
3852356639
2000292682
1580632503
69760223
2160680662
1803611641
1711736353
1225106895
1186790999
2902714336
4189480468
4238119227
1218136500
1218195635
3516183815
3784319000
3482187850
4052252566
1032055817
2874423277
3710561544
341468012
1423727543
1579220838
1325448033
2052825327
3166268540
4236117826
2370677205
3246523075
2330800247
2448579407
2310565142
1813557079
1167015995
1697872526
1978621795
2667918198
3341368430
4062497216
2399957725
4185929825
4293802975
885287185
2478626013
285625353
1071421055
1885828414
3830839573
15798840
74490202
2598260118
2664354914
3984371130
2942176662
1254390360
2427443392
2076761121
2824613705
4076437105
4107259038
73379390
536155313
3225441865
3011701831
1206796742
2470590494
365670536
3485590752
4058343847
1037603022
141949831
2522529372
613415961
924171788
311222750
2007214715
371831091
3000345868
2778688651
4036218425
3839274918
3015310525
1260947103
2626844275
348299253
184508116
1800660209
1659681029
3415654031
1886836838
1347908123
353371902
891825088
1601356492
1304583279
2941550576
2525702722
2867694134
1591996370
3215405117
1355803306
2516232637
